                                        ARDL Model Results                                       
=================================================================================================
Dep. Variable:                                     log_Q   No. Observations:                  228
Model:             ARDL(1, 1, 1, 1, 1, 1, 1, 1, 1, 1, 1)   Log Likelihood                 680.187
Method:                                  Conditional MLE   S.D. of innovations              0.012
Date:                                   Sat, 11 Oct 2025   AIC                          -1314.373
Time:                                           20:01:25   BIC                          -1235.599
Sample:                                                1   HQIC                         -1282.587
                                                     228                                         
=======================================================================================
                          coef    std err          z      P>|z|      [0.025      0.975]
---------------------------------------------------------------------------------------
const                   0.2326      0.172      1.354      0.177      -0.106       0.571
log_Q.L1                0.9898      0.017     59.435      0.000       0.957       1.023
Inflation_rate.L0      -0.0004      0.001     -0.415      0.679      -0.002       0.001
Inflation_rate.L1      -0.0004      0.001     -0.415      0.679      -0.002       0.001
Holiday_dummy.L0       -0.0041      0.002     -1.785      0.076      -0.009       0.000
Holiday_dummy.L1       -0.0041      0.002     -1.785      0.076      -0.009       0.000
dummy_172025.L0         0.0018      0.006      0.308      0.759      -0.010       0.014
dummy_172025.L1         0.0018      0.006      0.308      0.759      -0.010       0.014
VAT_rate.L0             0.0232      0.017      1.349      0.179      -0.011       0.057
VAT_rate.L1             0.0291      0.411      0.071      0.944      -0.781       0.839
Policy_t.L0             0.0897      0.066      1.352      0.178      -0.041       0.221
Policy_t.L1            -0.5047      0.454     -1.112      0.268      -1.400       0.390
QBOG_use_norm.L0       -0.0052      0.003     -1.814      0.071      -0.011       0.000
QBOG_use_norm.L1        0.0033      0.003      1.135      0.258      -0.002       0.009
dummy_112025.L0        -0.0257      0.013     -1.978      0.049      -0.051   -8.63e-05
dummy_112025.L1         0.0281      0.013      2.191      0.030       0.003       0.053
Tax_t.L0                0.0898      0.066      1.353      0.178      -0.041       0.221
Tax_t.L1                0.0957      0.389      0.246      0.806      -0.671       0.862
ln_brent_er_lag1.L0     0.0119      0.022      0.536      0.593      -0.032       0.056
ln_brent_er_lag1.L1    -0.0032      0.022     -0.146      0.884      -0.046       0.040
log_P_hat.L0            0.0404      0.023      1.734      0.084      -0.006       0.086
log_P_hat.L1           -0.0511      0.024     -2.146      0.033      -0.098      -0.004
=======================================================================================